001 1 1       1                                  1   1011111111111111111111111                                               1111111111111111111110111110111111111111111111                 111001100111111111111111111101        1     1 100011
1                                                   11           111111111111111111                                                  1111111 111111011111111111111111111                        111000111111111111111111111          00   100000
                                                  101  11111111111111111111111111111111111111                                            111111111110111111111111111111                           1110001111111101111111101      1  000010000000
01000000000111111111111111                       00  111111111111111111111111111111111111111111111111111                                     1111111101111111111111111                             11 100111111111111111111   1     000000000000
111111111111111111110000010100011111111111111001001100111111011101000111111111111   1 1111111111111111111111111111                                1111001111111111111              11111111111111   11 10011111111111111111     11  0000001     
11111111111111111111111111111111111111100000011011101111101000000000000000000000001111111111   1              111111111111                          111001111111111              111111111 111111111 11  1001111111111111111     1  0001        
01111111111111111111111111111111111111111111111111111111111111111111111111110000000000000000011111111                   1111111 1                   111 101111111              1111 1 1 1    11111111111  100111111111111111             1     1
0000000011111111111111111111111111111111111111111111111111111111111111111111111111111111100000000000000000011111               1111111111            111110111111             1111111111 1 1   11111111111 10011111111111111           1     1  
1111110000000111111111111111111111111111111111111111111111111111111111111111111111111111111111111111000000000000000001111           1111111111        1111101111111         111 1111111111111    111111111111011011111111101                    
1111111111100000001111111111111111111111111111111111111111111111111111111111111111111111111111111111111111111111100000000000111          11111111111   111 11111 11        111111111111111111111   1111111111000111111111111           1       1
1111111111111111000000001111111111111111111111111111111111111111111111111111111111111111111111111111111111111111111111110000000000111        1111111111111110011  11     11111111111111111111 111     11111111000111111111111               1000
11111111111111111111100000001111111111111111111111111111111111111111111111111111111111111111111111111111111111111111111111111110000000001111      11111111001001  11   11111111111111111111111 1111    1111111100011111111101    1     1100011  
11111111111111111111111111000001111111111111111111111111111111111111111111111111111111111111111111111111111111111111111111111111111110000000000111111 1111111100   1   111111111111111111111111111111   111111110011011111111       110011     1
11111111111111111111111111111110000011111111111111111111111111111111111111111111111111111111111111111111111111111111111111111111111111111110000000000111111111100     11111111111111111111111111111111   111111 1000101111111    100011   111111
111111111111111111111111111111111100000111111111111111111111111111111111111111111111111111111111111111111111111111111111111111111111111111111111110000000001111100   1111111111111111111111111111111111   11111 11000011111101110111  1111111111
11111111111111111111111111111111111111000001111111111111111111111111111111111111111111111111111111111111111111111111111111111111111111111111111111111111000000000001  111111111111111111111111111111 1      111111  10011010011111111111111111 1
111111111111111111111111111111111111111111010001111111111111111111111111111111111111111111111111111111111111111111111111111111111111111111111111111111111111110000001 11111111111111111111111111              11111  10000011 111111111111111111
1111111111111111111111111111111111111111111100000000111111111111111111111111111111111111111111111111111111111111111111111111111111111111111111111111111111111111111001111111111111111111111111   1111110001011   101  10011111111111111111111111
1111111111111111111111111111111111111111000001   11000111111111111111111111111111111111111111111111111111111111111111111111111111111111111111111111111111111111111110011111111111111111111111  110000000010000011 11    111111111111111111100011
1111111111111111111111111111111111111000011    111   10000011111111111111111111111111111111111111111111111111111111111111111111111111111111111111111111111111111111110011111111111111111111  110001111111111111011111   1111111111101000111111 1
1111111111111111111111111111111110000111   1111111 100111100000111111111111111111111111111111111111111111111111111111111111111111111111111111111111111111111111111111100111111111111111111 1100111011111111111101 1001111111111100011111111 11 1
111111111111111111111111111110000011   111111111 10011 11  11100000111111111111111111111111111111111111111111111111111111111111111111111111111111111111111111111111011100111111111111111 11001111110001011111101110011111111111111111111111111 1
11111111111111111111111111000011    1111111111  1001  11111     110000111111111111111111111111111111111111111111111111111111111111111111111111111111111111111111111101110011111111111111110011111111000101111011101  101111    1111111111 1 11 1
1111111111111111111110000011     111111111111 1001  111111111111    1100001111111111111111111111111111111111111111111111111111111111111111111111111111111111111111111111100111111111111110111111111111000011111000  11111111  11111111 111111111
111111111111111100000011      1111111111111  1001  11111111111111111    1000001111111111111111111111111111111111111111111111111111111111111111111111111111111111111111111000111111111111111111111111111100111001 1011 1111111    111111111111111
1111111111000000011      11111111111111111 1001  1111111111111111111111  11111000011111111111111111111111111111111111111111111111111111111111111111111111111111111111111111001111111111101111111111111111101001   10011    111111111111111111111
1111000000011         11111111111111111 110001  111111111111111111111111111  1001000011111111111111111111111111111111111111111111111111111111111111111111111111111111111111100011111111111111111111111111110001111  10011111  111111111111111111
00000111         1 1  11111111 11111  1100001 1111111111111111111111111111 110011  10000011111111111111111111111111111111111111111111111111111111111111111111111111111111111110011111110011111111111111111111110111    10001  111111111111111111
1         1 111   11111 1    111111 10000001 1111111111111111111111 11111 10011111110111000001111111111111111111111111111111111111111111111111111111111111111111111111111111111000111111001111111 1111111000111100111        1111111111111111111
  1   1111     1 1   1   111111 11100011001 11 1111111111111111111 1111111001110110011   111000011111111111111111111111111111111111111111111111111111111111111111111111111111111100011111111111111100000000000111110011    1001111111111111111 1
  11111   1 1         11111 11110000111001  111 11111111111111111 11111110011 1111111 11111   11000011111111111111111111111111111111111111111111111111111111111111111111111111111111000000000000000000011111000111110001000111000101011111111111
         1       111111111111000011111001 1111111111111111111111111111111011111100111111111111   1100011111111111111111111111111111111111111111111111111111111111111111111111111111111111111111111111111111110001111 1100001  100000000000000000
              11111111111100011111111001  1111111111111111111111 1111 11011 110011100011111111111   110000011111111111111111111111111111111111111111111111111111111111111111111111111111111111111111111111111100011111  100001110000110000011111
1 11111111   11111111110001111111111001  1 111111111111111111111111111101  10001 111000111111111 1100011 11000011111111111111111111111111111111111111111111111111111111111111111111111111111111111111111111111110011101   100001111001   1000011
1 1 1 1 1   11111111000111111111111101  111 1111111111111111111111111001 110011111111000111111111100011      100001111111111111111111111111111111111111111111111111111111111111111111111111111111111111111111111100011101   1000011110001    100
     1 1111111100000111111111111111011 11  1111111111111 1111 111111101 10011111111  1100011111110011 111111    10000011111111111111111111111111111111111111111111111111111111111111111111111111111111111111111011100011101   11000011110001    
1111111100000001111111111111111111011 111 111111111 1 111 1 1 11111101110011111111111 11001  1 1111                 110001111111111111111111111111111111111111111111111111111111111111111111111111111111111111110101000111011  1110000111100001 
000000000011111111111111111111111101 11  11111 1111111 1 111 11111111  111   1     1   11    11    111111111111111111 11000011111111111111111111111111111111111111111111111111111111111111111111111111111111111110001100111101   111000001111000
11111111111111111111111111111111101 11  11111 11111 1 1 111  11111001111111111111111111111100000000000000000000001000001111100011111111111111111111111111111111111111111111111111111111111111111111111111111111111110110001 1111   1110000011111
111111111111111111111111111111111111111  1111111 111 111 1   1111100100010011000000000001011111011111111001111111001111111110010000111 11111111111111111111111111111111111111111111111111111111111111111111111111111101110001 1011   11110000011
1111111111111111111111111111111111 11 1 1 111   1111111111  111 100100111111111111111001111111001111111000011111000011111100110111100001111 11111111111111111111111111111111111111111111111111111111111111111111111111011100011 1011  1111100000
111111111111111111111111111111101 11 1 11111   111 1 11111 11111100110111100110011001100111001 100110011 100000001 100000011 110011011000000111111111111111111111111111111111111111111111111111111111111111111111111111111110001 1111   11111010
111111111111111111111111111111011 1   1 111   1111      1 1111110011 1000001  000001  1101111   1111111 11111111 111111111 1111 111111  1100000001111 1111111111111111111111111111111111111111111111111111111111111111111111110001 1111   111110
11111111111111111111111111111101   1   111   1 111         111101111 11111  11 111111   11   111 1 1   1111111111  111111111 11111111111     11100000011111111111111111111111111111111111111111111111111111111111111111111111110001 11111  11111
1111111111111111111111111111101  11   111    1111         111110111  11111  1111111111    11111111111 1   1 1 1111111 1 11111   1 1 111 1 111      110000011111111111111111111111111111111111111111111111111111111111111111111111001  11111   11
1111111111111111111111111111001  1   1111    111          11 11111   11111           1111111111111   11111111  1111111111111111111111111 1 1111111     1110000011111111111111111111111111111111111111111111111111111111111111111110001 11111    
111111111111111111111111111101  1    111     11          111100111  11  1111111 1 1111111111111111111 111 11111111111111111 1 11111 1 11111111111111111    1111000001111111111111111111111111111111111111111111111111111111111111111001  11111  
11111111111111111111111111101       111      11          1111011   11      1 1111111111111111111111111111111 1 1111  11111111111111111 1 1 1111111 111111111     11100000111111111111111111111111111111111111111111111111111111111111000  111111
11111111111111111111111111101       111     11          1111011 1 111          11 11111111111 111111111 1 1111111   111 11111111111 1 111 1 1111111 1 1   1111111     11110000111111111111111111111111111111111111111111111111111111110001  1111
1111111111111111111111111101      1111       1          111101111 11                11111111 111 1   1111111 1 111   111 111 111 1 1 1 1 11  11111  11     11111111111     1110000011111111111111111111111111111111111111111111111111111001  1 1
111111111111111111111111111       1111                  111101    11                    1111111 1     111 1   111   1 1 11111 1 1 1 1 1 1   11111 1 1     11111111111111111     1110000001111111111111111111111111111111111111111111111110001  1
011111111111111111111111111      1111                  1111011   111                    1111 11111           1 111   1 1 111 1 1     1 1 1   111 1   1     11111111111 11111111      110000000111111111111111111111111111111111111111111111001  
10001111111111111111111111      11111                  111111    11                     111       1 111       1 1   1 1  111            1    11111         11111111111 1111 111111111    1100000000011111111111111111111111111111111111111110011
   10000111111111111111111     111111                  111111  1111                1   1111            1       111   1   111             1   11111     1   11111111111   111 111 111111111111   111000000111111111111111111111111111111111111100
1     1000111111111111111      11111                  111101    111                    1111                  1111   1    111                  111 1        1111111111 1   1 11111 111  11 101111      111100000111111111111111111111111111111111
   1     1000111111111111      11111                  11 101     11                    1111                  11111 1 1 1 111                 11111         111 1111111         111   1  1111111111          111000011111111111111111111111111111
1           100011111111      111111                  111101    111               1   10111                           1  111                  11111        111 11111111       111       1 11011111  1111111      1100000011111111111111111111111
     1   1     110011111     1111111                 1111011    11               1 1  10111                              111   1 1 1         11111         111 111111111       11       11 1011111  111111111111   11111000000111111111111111111
                  11101      111111                  111101 1 1111                    10111                     1         1             1 1   11111        111110111111        11       11 10111111 1111111111111111111 1   11000000011111111111
10                  101     1111111                  1111111   111                   110111                     1         1                  11111         111 11111111        111      11 111111111111111111111 111111111    101110000000001111
0000               111      1111111                  11111111 1111              1    111111                     1         1                   11111        11111111111111      11   1 1 11 1111111111111111111111111111111111 110111111110000000
001  00            101     11111111                  1111111111111             1    1011111                    11         1                           1   1111 1111111111  1   111 1   1 1 11011111111111111111111 111111111   10011111111111111
001 10000  11     111     111111111                  1111111111111              1   1011111                    11         1                   1           111111111111111 1111111 1     1111101111111111111111111 11111111111  10011111111111111
000000000  1      111  1  111111111                  1111111111111                 11111111                    11         11                  11           11111111111111111111111 111 11111101111 111111111111111 11111111111  1011111111111111
00000000 111      11     1111111111                 11111111111111                 101 1011                    11         1                   1            11 11111111111  1111111  111 11111111111 11111111111111111111111111  1001111111111111
00000001     1   11  1  1111111111                  11111111111111           1     101 10111                   111        11                 11           111 101111         1 111  11 11111111111 111 11111111111 11111111111  1101111111111111
0000001 1   1    11     11111111111                 111111111111111         11     11111111     11             111        11                 11           111 1011111 1         111 111 1111111111111 111111111 1  111111111111  101111111111111
  000           10  1  111 11111111                 11111111111111          1     111  11111     11            111       111                 111          11 11011111           11 1 1   111111111   1111111111111 11111111111   100111111111111
 001           101  1  111111111111                 111111111111111         1     111 111111     11         1  111       111                 11           11 1111 111   1       111 111 1111111111    1 1 1111111  1111111111111  10111111111111
           1  101  1  1111111111111                 111111111111111        11  1  1111111111     11         1  111       111                 11          111 101 1111  111      111111 11111111111       1 111 1  111111111111  1  1011111111111
  1     1 1  101  1  11111111111111                 111101111111111        11    111111 11111    111        1   111       11                111          111 101  111   11      11111   111111111                 1111111111111 1   001111111111
            101  1  111111111111111                  11111111111111        11   1111 11 1111     111         1  111       11                11          11111111 1111  111      111111  111111111                 11111111111111     00111111111
1         100   1  111111  10111111                 111111111111111       111 1 1111 11 11111     11        1   111       11                11          111 111   111 1111      111 11  111111111                 111111111111111 11  1011111111
        1001  11 1111111  1001111111       11       1111111111111111       111  111  1 1 1011     111       11   11       11               111         11111101  1111  111     1111111 1111110111        1        1111111111111111  1  100111111
      1001   1  1111111  10111111111        1       1111111111111111      1111  111 111  1011     1111      111  111      111              11 1         1111111   111  111      11111 11111110111        11      1111111011 1111111     11011111
  11001    1 1111111   1000110111111       111      1111111111111111      1111 111  1111  101      1111     111  111      111             1111         1111111   1111  111     111111  111 111111        1       11111111001 1111111       10010
11111   111111111    10000011111 1111       11      1111111111111111      1111 111  1111  1011    11111     111  1111     111             111          1111101    111  111     111111 111111011 1       111      111111111001     11111      110
1111      1      110001110111111 1111      111       1111011111111111     1111 111 11111   101     11111    1111  1111     111           111   1 1     1111111 1  111  111     111111111111101111      1111     1111111111111111    111111      
111000011111111000011  10111110111111     1 111      1111011111111111    11111 111 11  11  1001    111111   11111 111111   111  1       1111  1 11    1111111   1 111 1111     111111 111 1001111      1111     1111111111111111111111111 111111
     111111111111     1001111101111111     11111     1111011111111111    11111 111 1   11   10111  111111   11 11  111 11   11  1 11 1  111    11    11111101  1 1111  111    111111 111 11011 11      111     11111 111100111111100000011000010
1                     10011111011 11111    11111      1111111111111111111 1    11 11    111 1111 11 111101  111111  111 111 111  11     111 1  11    1111101  11  111 111  111111111111111001111      111      111111101100111111111111111111111
       1              10011111101 11111    111111     111111111111 111 1111111111       111  111 111111101   1 111  111 111  111 1 1   11111   11   1111110  11   11  101111   1111111  10111111     11111    11111 111 100111111111111111111111
  1                  1001111111011111111    11111     111111111111 111    111100011           111 11111 101   1 111  111 11 1111  111  1111  1111   111 101       11110011   111111111 101101 11     1111     11111 111 101111111111111111111111
           1     1   1001111111101 11111   1111111    111111111111  1111       1111011111111  111  111111001   11111  101 11  111 11 111111  111   111 111  1111100111111  1 11111111 1011101111    111111    111111111 101111111111111111111111
01                  101111111111011 11111   1111111    111101 11111 1111  111 11      1111000111111111111101  1 11111  101  11 1111111111 1 1111  111111011001111111 1111  111111111  01 101111     11111    11111 101 1001111111111111111111111
1        1          1011111111111011 11111   1111111   1111011 1101  11111 1 11111         1111111111111 1001    11111  1011 111111 111111111111 11111001 11     11111111   1111111  101 101 1     111111   11111 1001 1001111111111111111111111
  1       1        101111111111111111111111  1111111    1111111  101    1     11                101  111111101 11 111 11  1011 11111 1111111111  11  101       111111111    11  111 111 11111     1111111  1111111101 11000000000001111111111111
1                  1011111111111111111111111 11111111   11111111  11     11000111         11111  101 111111 101  111111111 11111 1111111111111  111 101  111        11111111       101 1101 11   1111111  111111 10111 1001111111111111000000010
1 1               101 111111111111101 1111111 11111111  11110111110000000000000000000011      11  111 11 101 10   111111111  1111 1111  111111 111 101  1      100000000000000000011   1101 1   1111111  111111 1101111101                      
  11              10111011111111111101 111111111111111   1 101 11000000000011111110000000001       111 1 111 101  11111111111  111111111  111  11 101     110000000000001000000000000  1011     1111111 111111  101111 101                      
1 1               001111111111111111101  1111111111111111 111100000000000000000000000111000000001   11  1111  101   111111111111111111111 111 11 11   100000000101000000000000000000000111     11111111111111 100111111101                      
1      1         101 110111111 111111101  111111111111111111110000000001100011100010000000000000000  11  1101  101 1111111111111111111111111 11  1 10000000000000000001111111110000010001  1  11111111111111 1101 111111001                     
1 11             111 1001 1111 11111111011 1111111111111111111100001     1011111111111111100000000000111  111   01  11111111111111111   111 11  1000000000000111111   1111111     0000011 1   1111111111111 1001 1111111111  1                  
1    11         1011111011111111 1111111001 1111111111111111111100   1  100111111111111111    00000000111  111  101  111111111111111   1111   110000000011111111101  100111001 1   1001111  11111111111111 1001111111111111         000000000000
                111111001 11111  11111111101  111111111111111111001 11  1001100100010001001  1011100001111  111   01   111111111111   1111  111100000111110111000000000111001  11 110111   1111111111111  10011111111111110   1     000000000000
               1011111101 111111  11111111101   11111111 11111 11011 1  10011111111011101100001111011001111  11 1  111  111111111  111111  11 1001101110111010001110111111101  1  101111  111111111111  1101 111111111111101         10000000000
0000    1     10011111101 111111  1  1111111001  11111111 1111111111 1  1001110111111111111111110001  01  11    11  111  111111111111 111111  101 1001010011110011111111010011   111111  111111111111  1011 1111111111101111      1  000  000000
0001          10111111101 111111   1  1111111001   1111111  11111111     0011111111111111111111111001      1          1111 111 11111  1          1001111111111111101111111001  111  01  111 1111111   10111111111111111111111        1001   0000
 1           101 11111111 111111  1   1111111 1001    11111  11111111    1011111111111111111111111001                                            101111111111111111111111101   11  101111 1111111   1001 11111111111110111101       1  0001  000
   1    1    011111111101  11111   1   1111111 10001    11111  111111    100101111111111101111111101  1                                           11111111111111111111111001   1  101 11 11111   110001 1111111111111101111111        100000  10
1 1         1011111111101  111111   1   111111111100011    111  111101    11  1111111110011111111001                                              0001111111100011111111101      111111 111    1100111111111111111111101111101          00000000
           101111111111001 111111    1   11111111111110011    11 1  101        11111     1111111111                                               1011 111111111 1111111        111  111     1101111111111111111111110011111111      1  0000001 
          1011111111111101  11111         1111 111111111000111    1  111    1111111        11111                                                        1111      11  111      111        1100111111111111111111111110011111111          0000000
         100 1111111111101  111111        111111 1111111111111001111  111    011            11111                                                      111           1101     1111   111110111 1111 1111111111111111111011111101         1000000
         001111111111111011 111111         111111111111111111110011111 111     111          11111                                                   10011           111     111    11111111111111  11111111 111 1111011011111101          100000
        001 111111111111001  111111         1111 111 101111111111   11           11111    1111                                                         1111       111       11 1  10011111111111  11111111 111 111110110011111101         100000
       101 1111111111111101   11111     1    1111111  111111111101  111     1       11111111                                                             1111111111           11 100111111 1111  1111111  111  1111101110111111101          001 
      101 111111111111111011 1111111         11111 111 111111111101  111                                                                                                     1   10111111  111  11111111 1 1   1111011110011111100           000
1     00 1111111111111111111  111111      1   111111111 11111111101   11          11                                                                                       1111  1011111 1111  11 11111        11110111110111111100           10
     001 1111111111111111101 1 111111          111 11111 11111111101  11                                                                                                    11  101111111111 111 11111        111110111110011111 101          10
    001 111111111111111111011 1 111111          111 11111  111111100   11                                                                                                 111  1001 11 111  111111111         11110011111101111111101          1
   101 1111111111111111111101  1 11111           11111 111  111111101  111                                                                                                 11  1011111111   11 1  11         1111111111111101111111001       1  
  101 11111111111111111111101 11  11111           111 11111   11111101  111                                                                                              1111 1011111111  111   1111        11111001111111100111111 00          
 101 111111111111111111111 101  11   11            111 1 111   1111100  111                                                                                              11  1111 11111  11    1111         111110111111111101111111100      1  
100  11111111111111111111111011 1   1111            11111 1111   111101   111                                                                                           1    1011 1111   1    1111          111100111111111110111111 100     1  
01  11111111111111111111111 1011   1  111            111111  11   111101  11                                                                                           1 1  101  111   11     111          111 1011111111111110111111 101    1  
0  11111111111111111111111111001      1111            1111  11111   11001  11                                                                                         111   011 111          111          1111100111111111111110111111 100     1
  1111111111111111111111111111011    1  11              1111   111   11101  11                                                                                       111   011 111   11      11           111 1011111111111111101111111 100    1
 1111111111111111111111111111 101 1       1              1111 1  11     100   1                                                                                     111  1001 111   1       11           111 1001 1111111111111101111111 100    
111111111111 11111111111111111 101 1                       111   1 11    1001  11                                                                                 111   101  11    1      111            11  001 11111111111111 100111111  001  
1111111111111111111111111111111100 11                        1111   111   1001   11                                                                              11   1001  11        1   11            111 10111111111111111111 101111111  101 
11111111111111111111111111111111101111                         11111  11    0001                                                                                    10001  11            1             111 1001111111111111111111 101111111  110
1 1111111111111111111111111111111101111                          1111   11   100011                                                                              1000111 11             1             111  10111111111111111111111 1011111111  1
111 1011 1111111111111111111111111101 11                           11111  11  1001001                               11        111                             1000111111 111          11              11  1011111111111111111111111 1001111111  
1 11111111111111111111111111111111101  11                            11111  1  10011001                                                                    1100111 1011 11           11              11  100111111111111111111111111 10011111111
1 101111 11111111111111111111111111101  11                             11111111  00011000011                                                            10000001111001 111         111              111 10011111111111111111111111111 10011111 1
1111111 1111111111111111111111111111101  111                              111 11  0011110000001                                                       100001 1001 001  11         11               111 1001111111111111111111111111111  10011111
111111 111111111111111111111111111111101  111                               11111  1001111110000001                                               11000011 111101101  11        111               111  10111111111111111111111111111111  1001111
1 111 11111111111111111111111111111111101  111                                1111 10001111111110000011                                       1100000111 1111111001 111        11                 11  100111111111111 1111111111111111111 100011
1111111111111111 1111111111111111111111101  111                                 111 1000111111   1110000011                               110000000001  11111111001 111      11                 111  10011111111111111 1111111111111111111  1000
1 1 11111111111 1111  111111111111111111101   111                                11  100011111111    1000000011                       1100100000011001111111111001  11      11                  111 1001111111111111111 1111111 111111111 1  110
1 1 1111111111 1111  1111111111111111111 101   111                                11   0001111111111 100111100000111             11000111   0001101000111111111011 111     11                  111  10111111111111111111  1 1111 111111111 111 1
1 11111111111  111  111111111111111111111 1001  111                          11    11   001111111111110001111110001100011  111000111      00011001100111111111001 111     11                  111  1001111111111111111111   111   111111111 11 1
1 1111111111   11  111111111111111111111111 101  111                          11    111 100111111111111001111111100   111000        11  1000110111100111111111011 11     11                  111   10111111111111111111111 1   1   111111111 1 1
1 111111111 1 11  111111111111111111111111111001   11                          11    11  100111111111100110111111000   101000   1 11   00011111111001111111110011111     11                  11   100111111111111111111111    1 1   11111111 1 1
 1111111111  11   11111111111111111111111110010011  111                         11    11  101111111111001111111111001 000111000  11  100111111110000111111111001 111    11                  11    1011111111111111111111111   1  1   111111111 1
111111111   11   1111111111111111111111 1101111101   11                          111  111 10011111111100111111111110011011110000    00011111110001001111111110011111   11                   1    1101111111111111111111111111   1 1   11111111 1
  111111   11  1111111111111111111111 1001111111100   11                         1111  111 00111111111001111111111110000111110001  00111111110001000111111111011 111   11                  11    11011111111111111111111111111    11   1111111  
1  1111   1    1111111111111111111111101111111111101  111                         1111  111101111111111001111111111110000000001000001111111101111001111111111111111   111                  1     110111111111111111111111111111         11111  1
011111   11  11111111111111111111111001111111111111011 111                 11      1111  11100111111111000111111111111000111100000111111101111101001111111111111111   111      1           1     1100111111111111111111111111111         1111100